split  input_noise  n_agents            protocol  tasks  solve_rate  mean_rounds  median_rounds  mean_ratio_to_lower_bound  mean_duplicate_fraction  mean_map_cosine  mean_top1_accuracy
   id         0.00         1     oracle_previous      5         1.0         24.0           24.0                   1.000000                 0.000000         1.000000            1.000000
   id         0.00         1     pooled_goal_map      5         1.0         24.0           24.0                   1.000000                 0.000000         0.981419            1.000000
   id         0.00         1        raw_previous      5         1.0         24.0           24.0                   1.000000                 0.000000              NaN                 NaN
   id         0.00         1 relational_task_map      5         1.0         24.0           24.0                   1.000000                 0.000000         0.983444            1.000000
   id         0.00         1          static_map      5         1.0         24.0           24.0                   1.000000                 0.000000         0.981244            1.000000
   id         0.00         2     oracle_previous      5         1.0         12.0           12.0                   1.000000                 0.000000         1.000000            1.000000
   id         0.00         2     pooled_goal_map      5         1.0         12.0           12.0                   1.000000                 0.000000         0.981419            1.000000
   id         0.00         2        raw_previous      5         1.0         12.0           12.0                   1.000000                 0.000000              NaN                 NaN
   id         0.00         2 relational_task_map      5         1.0         12.0           12.0                   1.000000                 0.000000         0.983444            1.000000
   id         0.00         2          static_map      5         1.0         12.0           12.0                   1.000000                 0.000000         0.981244            1.000000
   id         0.00         4     oracle_previous      5         1.0          6.0            6.0                   1.000000                 0.000000         1.000000            1.000000
   id         0.00         4     pooled_goal_map      5         1.0          6.0            6.0                   1.000000                 0.000000         0.981419            1.000000
   id         0.00         4        raw_previous      5         1.0          6.0            6.0                   1.000000                 0.000000              NaN                 NaN
   id         0.00         4 relational_task_map      5         1.0          6.0            6.0                   1.000000                 0.000000         0.983444            1.000000
   id         0.00         4          static_map      5         1.0          6.0            6.0                   1.000000                 0.000000         0.981244            1.000000
   id         0.00         8     oracle_previous      5         1.0          3.0            3.0                   1.000000                 0.000000         1.000000            1.000000
   id         0.00         8     pooled_goal_map      5         1.0          3.0            3.0                   1.000000                 0.000000         0.981419            1.000000
   id         0.00         8        raw_previous      5         1.0          3.0            3.0                   1.000000                 0.000000              NaN                 NaN
   id         0.00         8 relational_task_map      5         1.0          3.0            3.0                   1.000000                 0.000000         0.983444            1.000000
   id         0.00         8          static_map      5         1.0          3.0            3.0                   1.000000                 0.000000         0.981244            1.000000
   id         0.00        16     oracle_previous      5         1.0          2.0            2.0                   1.000000                 0.000000         1.000000            1.000000
   id         0.00        16     pooled_goal_map      5         1.0          2.0            2.0                   1.000000                 0.000000         0.981419            1.000000
   id         0.00        16        raw_previous      5         1.0          2.0            2.0                   1.000000                 0.250000              NaN                 NaN
   id         0.00        16 relational_task_map      5         1.0          2.0            2.0                   1.000000                 0.000000         0.983444            1.000000
   id         0.00        16          static_map      5         1.0          2.0            2.0                   1.000000                 0.000000         0.981244            1.000000
   id         0.10         1     oracle_previous      5         1.0         24.0           24.0                   1.000000                 0.000000         1.000000            1.000000
   id         0.10         1     pooled_goal_map      5         1.0         24.0           24.0                   1.000000                 0.000000         0.979278            1.000000
   id         0.10         1        raw_previous      5         1.0         24.6           24.0                   1.025000                 0.023385              NaN                 NaN
   id         0.10         1 relational_task_map      5         1.0         24.0           24.0                   1.000000                 0.000000         0.984073            1.000000
   id         0.10         1          static_map      5         1.0         24.0           24.0                   1.000000                 0.000000         0.980052            1.000000
   id         0.10         2     oracle_previous      5         1.0         12.0           12.0                   1.000000                 0.000000         1.000000            1.000000
   id         0.10         2     pooled_goal_map      5         1.0         12.0           12.0                   1.000000                 0.000000         0.979278            1.000000
   id         0.10         2        raw_previous      5         1.0         12.4           12.0                   1.033333                 0.030769              NaN                 NaN
   id         0.10         2 relational_task_map      5         1.0         12.0           12.0                   1.000000                 0.000000         0.984073            1.000000
   id         0.10         2          static_map      5         1.0         12.0           12.0                   1.000000                 0.000000         0.980052            1.000000
   id         0.10         4     oracle_previous      5         1.0          6.0            6.0                   1.000000                 0.000000         1.000000            1.000000
   id         0.10         4     pooled_goal_map      5         1.0          6.0            6.0                   1.000000                 0.000000         0.979278            1.000000
   id         0.10         4        raw_previous      5         1.0          6.4            6.0                   1.066667                 0.057143              NaN                 NaN
   id         0.10         4 relational_task_map      5         1.0          6.0            6.0                   1.000000                 0.000000         0.984073            1.000000
   id         0.10         4          static_map      5         1.0          6.0            6.0                   1.000000                 0.000000         0.980052            1.000000
   id         0.10         8     oracle_previous      5         1.0          3.0            3.0                   1.000000                 0.000000         1.000000            1.000000
   id         0.10         8     pooled_goal_map      5         1.0          3.0            3.0                   1.000000                 0.000000         0.979278            1.000000
   id         0.10         8        raw_previous      5         1.0          3.4            3.0                   1.133333                 0.100000              NaN                 NaN
   id         0.10         8 relational_task_map      5         1.0          3.0            3.0                   1.000000                 0.000000         0.984073            1.000000
   id         0.10         8          static_map      5         1.0          3.0            3.0                   1.000000                 0.000000         0.980052            1.000000
   id         0.10        16     oracle_previous      5         1.0          2.0            2.0                   1.000000                 0.000000         1.000000            1.000000
   id         0.10        16     pooled_goal_map      5         1.0          2.0            2.0                   1.000000                 0.000000         0.979278            1.000000
   id         0.10        16        raw_previous      5         1.0          2.0            2.0                   1.000000                 0.250000              NaN                 NaN
   id         0.10        16 relational_task_map      5         1.0          2.0            2.0                   1.000000                 0.000000         0.984073            1.000000
   id         0.10        16          static_map      5         1.0          2.0            2.0                   1.000000                 0.000000         0.980052            1.000000
   id         0.20         1     oracle_previous      5         1.0         24.0           24.0                   1.000000                 0.000000         1.000000            1.000000
   id         0.20         1     pooled_goal_map      5         1.0         49.2           41.0                   2.050000                 0.410987         0.906538            0.927083
   id         0.20         1        raw_previous      5         1.0         65.0           62.0                   2.708333                 0.543761              NaN                 NaN
   id         0.20         1 relational_task_map      5         1.0         79.6           72.0                   3.316667                 0.684231         0.700500            0.708333
   id         0.20         1          static_map      5         1.0         55.4           51.0                   2.308333                 0.393417         0.913634            0.945833
   id         0.20         2     oracle_previous      5         1.0         12.0           12.0                   1.000000                 0.000000         1.000000            1.000000
   id         0.20         2     pooled_goal_map      5         1.0         24.8           21.0                   2.066667                 0.414713         0.906538            0.927083
   id         0.20         2        raw_previous      5         1.0         32.8           31.0                   2.733333                 0.549081              NaN                 NaN
   id         0.20         2 relational_task_map      5         1.0         40.0           36.0                   3.333333                 0.685656         0.700500            0.708333
   id         0.20         2          static_map      5         1.0         28.0           26.0                   2.333333                 0.396581         0.913634            0.945833
   id         0.20         4     oracle_previous      5         1.0          6.0            6.0                   1.000000                 0.000000         1.000000            1.000000
   id         0.20         4     pooled_goal_map      5         1.0         12.6           11.0                   2.100000                 0.427751         0.906538            0.927083
   id         0.20         4        raw_previous      5         1.0         16.6           16.0                   2.766667                 0.559343              NaN                 NaN
   id         0.20         4 relational_task_map      5         1.0         20.4           18.0                   3.400000                 0.692222         0.700500            0.708333
   id         0.20         4          static_map      5         1.0         14.0           13.0                   2.333333                 0.396581         0.913634            0.945833
   id         0.20         8     oracle_previous      5         1.0          3.0            3.0                   1.000000                 0.000000         1.000000            1.000000
   id         0.20         8     pooled_goal_map      5         1.0          6.6            6.0                   2.200000                 0.453333         0.906538            0.927083
   id         0.20         8        raw_previous      5         1.0          8.6            8.0                   2.866667                 0.587597              NaN                 NaN
   id         0.20         8 relational_task_map      5         1.0         10.4            9.0                   3.466667                 0.698810         0.700500            0.708333
   id         0.20         8          static_map      5         1.0          7.2            7.0                   2.400000                 0.404762         0.913634            0.945833
   id         0.20        16     oracle_previous      5         1.0          2.0            2.0                   1.000000                 0.000000         1.000000            1.000000
   id         0.20        16     pooled_goal_map      5         1.0          4.0            4.0                   2.000000                 0.473074         0.906538            0.927083
   id         0.20        16        raw_previous      5         1.0          5.0            5.0                   2.500000                 0.598788              NaN                 NaN
   id         0.20        16 relational_task_map      5         1.0          6.0            5.0                   3.000000                 0.713846         0.700500            0.708333
   id         0.20        16          static_map      5         1.0          4.2            4.0                   2.100000                 0.407619         0.913634            0.945833
   id         0.35         1     oracle_previous      5         1.0         24.0           24.0                   1.000000                 0.000000         1.000000            1.000000
   id         0.35         1     pooled_goal_map      5         1.0         91.8           87.0                   3.825000                 0.728341         0.603547            0.600000
   id         0.35         1        raw_previous      5         1.0         85.6           75.0                   3.566667                 0.701964              NaN                 NaN
   id         0.35         1 relational_task_map      5         1.0         86.4           83.0                   3.600000                 0.709273         0.237455            0.189583
   id         0.35         1          static_map      5         1.0         78.6           78.0                   3.275000                 0.686421         0.615541            0.620833
   id         0.35         2     oracle_previous      5         1.0         12.0           12.0                   1.000000                 0.000000         1.000000            1.000000
   id         0.35         2     pooled_goal_map      5         1.0         46.2           44.0                   3.850000                 0.730369         0.603547            0.600000
   id         0.35         2        raw_previous      5         1.0         43.0           38.0                   3.583333                 0.703154              NaN                 NaN
   id         0.35         2 relational_task_map      5         1.0         43.4           42.0                   3.616667                 0.710309         0.237455            0.189583
   id         0.35         2          static_map      5         1.0         39.6           39.0                   3.300000                 0.689233         0.615541            0.620833
   id         0.35         4     oracle_previous      5         1.0          6.0            6.0                   1.000000                 0.000000         1.000000            1.000000
   id         0.35         4     pooled_goal_map      5         1.0         23.4           22.0                   3.900000                 0.733279         0.603547            0.600000
   id         0.35         4        raw_previous      5         1.0         21.8           19.0                   3.633333                 0.706809              NaN                 NaN
   id         0.35         4 relational_task_map      5         1.0         22.0           21.0                   3.666667                 0.713540         0.237455            0.189583
   id         0.35         4          static_map      5         1.0         20.2           20.0                   3.366667                 0.696159         0.615541            0.620833
   id         0.35         8     oracle_previous      5         1.0          3.0            3.0                   1.000000                 0.000000         1.000000            1.000000
   id         0.35         8     pooled_goal_map      5         1.0         12.0           11.0                   4.000000                 0.741385         0.603547            0.600000
   id         0.35         8        raw_previous      5         1.0         11.2           10.0                   3.733333                 0.715476              NaN                 NaN
   id         0.35         8 relational_task_map      5         1.0         11.4           11.0                   3.800000                 0.725909         0.237455            0.189583
   id         0.35         8          static_map      5         1.0         10.2           10.0                   3.400000                 0.698333         0.615541            0.620833
   id         0.35        16     oracle_previous      5         1.0          2.0            2.0                   1.000000                 0.000000         1.000000            1.000000
   id         0.35        16     pooled_goal_map      5         1.0          6.6            6.0                   3.300000                 0.744242         0.603547            0.600000
   id         0.35        16        raw_previous      5         1.0          6.4            6.0                   3.200000                 0.732121              NaN                 NaN
   id         0.35        16 relational_task_map      5         1.0          6.4            6.0                   3.200000                 0.738089         0.237455            0.189583
   id         0.35        16          static_map      5         1.0          6.0            6.0                   3.000000                 0.719814         0.615541            0.620833
  ood         0.00         1     oracle_previous      5         1.0         24.0           24.0                   1.000000                 0.000000         1.000000            1.000000
  ood         0.00         1     pooled_goal_map      5         1.0         93.8           97.0                   3.908333                 0.741130         0.099114            0.085417
  ood         0.00         1        raw_previous      5         1.0         24.0           24.0                   1.000000                 0.000000              NaN                 NaN
  ood         0.00         1 relational_task_map      5         1.0         24.0           24.0                   1.000000                 0.000000         0.982828            1.000000
  ood         0.00         1          static_map      5         1.0         98.6           98.0                   4.108333                 0.756086         0.075189            0.056250
  ood         0.00         2     oracle_previous      5         1.0         12.0           12.0                   1.000000                 0.000000         1.000000            1.000000
  ood         0.00         2     pooled_goal_map      5         1.0         47.2           49.0                   3.933333                 0.742866         0.099114            0.085417
  ood         0.00         2        raw_previous      5         1.0         12.0           12.0                   1.000000                 0.000000              NaN                 NaN
  ood         0.00         2 relational_task_map      5         1.0         12.0           12.0                   1.000000                 0.000000         0.982828            1.000000
  ood         0.00         2          static_map      5         1.0         49.6           49.0                   4.133333                 0.756986         0.075189            0.056250
  ood         0.00         4     oracle_previous      5         1.0          6.0            6.0                   1.000000                 0.000000         1.000000            1.000000
  ood         0.00         4     pooled_goal_map      5         1.0         24.0           25.0                   4.000000                 0.747382         0.099114            0.085417
  ood         0.00         4        raw_previous      5         1.0          6.0            6.0                   1.000000                 0.000000              NaN                 NaN
  ood         0.00         4 relational_task_map      5         1.0          6.0            6.0                   1.000000                 0.000000         0.982828            1.000000
  ood         0.00         4          static_map      5         1.0         25.0           25.0                   4.166667                 0.759029         0.075189            0.056250
  ood         0.00         8     oracle_previous      5         1.0          3.0            3.0                   1.000000                 0.000000         1.000000            1.000000
  ood         0.00         8     pooled_goal_map      5         1.0         12.4           13.0                   4.133333                 0.754835         0.099114            0.085417
  ood         0.00         8        raw_previous      5         1.0          3.0            3.0                   1.000000                 0.000000              NaN                 NaN
  ood         0.00         8 relational_task_map      5         1.0          3.0            3.0                   1.000000                 0.000000         0.982828            1.000000
  ood         0.00         8          static_map      5         1.0         12.8           13.0                   4.266667                 0.764309         0.075189            0.056250
  ood         0.00        16     oracle_previous      5         1.0          2.0            2.0                   1.000000                 0.000000         1.000000            1.000000
  ood         0.00        16     pooled_goal_map      5         1.0          7.0            7.0                   3.500000                 0.766993         0.099114            0.085417
  ood         0.00        16        raw_previous      5         1.0          2.0            2.0                   1.000000                 0.250000              NaN                 NaN
  ood         0.00        16 relational_task_map      5         1.0          2.0            2.0                   1.000000                 0.000000         0.982828            1.000000
  ood         0.00        16          static_map      5         1.0          7.2            7.0                   3.600000                 0.774937         0.075189            0.056250
  ood         0.10         1     oracle_previous      5         1.0         24.0           24.0                   1.000000                 0.000000         1.000000            1.000000
  ood         0.10         1     pooled_goal_map      5         1.0         84.4           83.0                   3.516667                 0.708974         0.088616            0.081250
  ood         0.10         1        raw_previous      5         1.0         24.2           24.0                   1.008333                 0.008000              NaN                 NaN
  ood         0.10         1 relational_task_map      5         1.0         24.0           24.0                   1.000000                 0.000000         0.984974            1.000000
  ood         0.10         1          static_map      5         1.0         90.6           93.0                   3.775000                 0.729076         0.074938            0.054167
  ood         0.10         2     oracle_previous      5         1.0         12.0           12.0                   1.000000                 0.000000         1.000000            1.000000
  ood         0.10         2     pooled_goal_map      5         1.0         42.6           42.0                   3.550000                 0.710261         0.088616            0.081250
  ood         0.10         2        raw_previous      5         1.0         12.2           12.0                   1.016667                 0.015385              NaN                 NaN
  ood         0.10         2 relational_task_map      5         1.0         12.0           12.0                   1.000000                 0.000000         0.984974            1.000000
  ood         0.10         2          static_map      5         1.0         45.6           47.0                   3.800000                 0.730833         0.074938            0.054167
  ood         0.10         4     oracle_previous      5         1.0          6.0            6.0                   1.000000                 0.000000         1.000000            1.000000
  ood         0.10         4     pooled_goal_map      5         1.0         21.6           21.0                   3.600000                 0.713838         0.088616            0.081250
  ood         0.10         4        raw_previous      5         1.0          6.2            6.0                   1.033333                 0.028571              NaN                 NaN
  ood         0.10         4 relational_task_map      5         1.0          6.0            6.0                   1.000000                 0.000000         0.984974            1.000000
  ood         0.10         4          static_map      5         1.0         23.0           24.0                   3.833333                 0.732735         0.074938            0.054167
  ood         0.10         8     oracle_previous      5         1.0          3.0            3.0                   1.000000                 0.000000         1.000000            1.000000
  ood         0.10         8     pooled_goal_map      5         1.0         11.2           11.0                   3.733333                 0.724232         0.088616            0.081250
  ood         0.10         8        raw_previous      5         1.0          3.2            3.0                   1.066667                 0.050000              NaN                 NaN
  ood         0.10         8 relational_task_map      5         1.0          3.0            3.0                   1.000000                 0.000000         0.984974            1.000000
  ood         0.10         8          static_map      5         1.0         11.6           12.0                   3.866667                 0.734322         0.074938            0.054167
  ood         0.10        16     oracle_previous      5         1.0          2.0            2.0                   1.000000                 0.000000         1.000000            1.000000
  ood         0.10        16     pooled_goal_map      5         1.0          6.4            6.0                   3.200000                 0.736523         0.088616            0.081250
  ood         0.10        16        raw_previous      5         1.0          2.0            2.0                   1.000000                 0.250000              NaN                 NaN
  ood         0.10        16 relational_task_map      5         1.0          2.0            2.0                   1.000000                 0.000000         0.984974            1.000000
  ood         0.10        16          static_map      5         1.0          6.6            7.0                   3.300000                 0.746480         0.074938            0.054167
  ood         0.20         1     oracle_previous      5         1.0         24.0           24.0                   1.000000                 0.000000         1.000000            1.000000
  ood         0.20         1     pooled_goal_map      5         1.0        102.0          110.0                   4.250000                 0.755741         0.074723            0.050000
  ood         0.20         1        raw_previous      5         1.0         55.8           42.0                   2.325000                 0.466980              NaN                 NaN
  ood         0.20         1 relational_task_map      5         1.0         86.6           82.0                   3.608333                 0.714963         0.720463            0.741667
  ood         0.20         1          static_map      5         1.0        105.8          109.0                   4.408333                 0.770674         0.073388            0.058333
  ood         0.20         2     oracle_previous      5         1.0         12.0           12.0                   1.000000                 0.000000         1.000000            1.000000
  ood         0.20         2     pooled_goal_map      5         1.0         51.2           55.0                   4.266667                 0.756436         0.074723            0.050000
  ood         0.20         2        raw_previous      5         1.0         28.2           21.0                   2.350000                 0.472814              NaN                 NaN
  ood         0.20         2 relational_task_map      5         1.0         43.6           41.0                   3.633333                 0.716766         0.720463            0.741667
  ood         0.20         2          static_map      5         1.0         53.2           55.0                   4.433333                 0.771770         0.073388            0.058333
  ood         0.20         4     oracle_previous      5         1.0          6.0            6.0                   1.000000                 0.000000         1.000000            1.000000
  ood         0.20         4     pooled_goal_map      5         1.0         26.0           28.0                   4.333333                 0.760476         0.074723            0.050000
  ood         0.20         4        raw_previous      5         1.0         14.4           11.0                   2.400000                 0.481861              NaN                 NaN
  ood         0.20         4 relational_task_map      5         1.0         22.2           21.0                   3.700000                 0.721645         0.720463            0.741667
  ood         0.20         4          static_map      5         1.0         27.0           28.0                   4.500000                 0.774969         0.073388            0.058333
  ood         0.20         8     oracle_previous      5         1.0          3.0            3.0                   1.000000                 0.000000         1.000000            1.000000
  ood         0.20         8     pooled_goal_map      5         1.0         13.0           14.0                   4.333333                 0.760476         0.074723            0.050000
  ood         0.20         8        raw_previous      5         1.0          7.4            6.0                   2.466667                 0.504286              NaN                 NaN
  ood         0.20         8 relational_task_map      5         1.0         11.2           11.0                   3.733333                 0.724242         0.720463            0.741667
  ood         0.20         8          static_map      5         1.0         13.6           14.0                   4.533333                 0.777143         0.073388            0.058333
  ood         0.20        16     oracle_previous      5         1.0          2.0            2.0                   1.000000                 0.000000         1.000000            1.000000
  ood         0.20        16     pooled_goal_map      5         1.0          7.2            8.0                   3.600000                 0.767179         0.074723            0.050000
  ood         0.20        16        raw_previous      5         1.0          4.2            4.0                   2.100000                 0.518571              NaN                 NaN
  ood         0.20        16 relational_task_map      5         1.0          6.2            6.0                   3.100000                 0.729697         0.720463            0.741667
  ood         0.20        16          static_map      5         1.0          7.6            8.0                   3.800000                 0.787692         0.073388            0.058333
  ood         0.35         1     oracle_previous      5         1.0         24.0           24.0                   1.000000                 0.000000         1.000000            1.000000
  ood         0.35         1     pooled_goal_map      5         1.0         93.2           95.0                   3.883333                 0.741238         0.062587            0.039583
  ood         0.35         1        raw_previous      5         1.0         86.8           89.0                   3.616667                 0.719268              NaN                 NaN
  ood         0.35         1 relational_task_map      5         1.0         94.0           93.0                   3.916667                 0.741578         0.256563            0.222917
  ood         0.35         1          static_map      5         1.0         95.2           93.0                   3.966667                 0.745177         0.055886            0.035417
  ood         0.35         2     oracle_previous      5         1.0         12.0           12.0                   1.000000                 0.000000         1.000000            1.000000
  ood         0.35         2     pooled_goal_map      5         1.0         46.8           48.0                   3.900000                 0.742231         0.062587            0.039583
  ood         0.35         2        raw_previous      5         1.0         43.8           45.0                   3.650000                 0.721599              NaN                 NaN
  ood         0.35         2 relational_task_map      5         1.0         47.4           47.0                   3.950000                 0.743749         0.256563            0.222917
  ood         0.35         2          static_map      5         1.0         48.0           47.0                   4.000000                 0.747514         0.055886            0.035417
  ood         0.35         4     oracle_previous      5         1.0          6.0            6.0                   1.000000                 0.000000         1.000000            1.000000
  ood         0.35         4     pooled_goal_map      5         1.0         23.6           24.0                   3.933333                 0.744529         0.062587            0.039583
  ood         0.35         4        raw_previous      5         1.0         22.4           23.0                   3.733333                 0.728017              NaN                 NaN
  ood         0.35         4 relational_task_map      5         1.0         24.0           24.0                   4.000000                 0.746932         0.256563            0.222917
  ood         0.35         4          static_map      5         1.0         24.2           24.0                   4.033333                 0.749304         0.055886            0.035417
  ood         0.35         8     oracle_previous      5         1.0          3.0            3.0                   1.000000                 0.000000         1.000000            1.000000
  ood         0.35         8     pooled_goal_map      5         1.0         12.0           12.0                   4.000000                 0.749301         0.062587            0.039583
  ood         0.35         8        raw_previous      5         1.0         11.6           12.0                   3.866667                 0.736480              NaN                 NaN
  ood         0.35         8 relational_task_map      5         1.0         12.2           12.0                   4.066667                 0.750909         0.256563            0.222917
  ood         0.35         8          static_map      5         1.0         12.4           12.0                   4.133333                 0.755455         0.055886            0.035417
  ood         0.35        16     oracle_previous      5         1.0          2.0            2.0                   1.000000                 0.000000         1.000000            1.000000
  ood         0.35        16     pooled_goal_map      5         1.0          6.8            7.0                   3.400000                 0.760839         0.062587            0.039583
  ood         0.35        16        raw_previous      5         1.0          6.4            7.0                   3.200000                 0.740326              NaN                 NaN
  ood         0.35        16 relational_task_map      5         1.0          6.8            7.0                   3.400000                 0.758601         0.256563            0.222917
  ood         0.35        16          static_map      5         1.0          7.0            7.0                   3.500000                 0.766993         0.055886            0.035417
0:12.10 880612KB
