split  input_noise  n_agents            protocol  tasks  solve_rate  mean_rounds  median_rounds  mean_ratio_to_lower_bound  mean_duplicate_fraction  mean_map_cosine  mean_top1_accuracy
   id         0.00         1     oracle_previous      6         1.0    24.000000           24.0                   1.000000                 0.000000         1.000000            1.000000
   id         0.00         1     pooled_goal_map      6         1.0    24.000000           24.0                   1.000000                 0.000000         0.985678            1.000000
   id         0.00         1        raw_previous      6         1.0    24.000000           24.0                   1.000000                 0.000000              NaN                 NaN
   id         0.00         1 relational_pair_map      6         1.0    24.000000           24.0                   1.000000                 0.000000         0.988517            1.000000
   id         0.00         1 relational_task_map      6         1.0    24.000000           24.0                   1.000000                 0.000000         0.986268            1.000000
   id         0.00         1          static_map      6         1.0    24.000000           24.0                   1.000000                 0.000000         0.986127            1.000000
   id         0.00         2     oracle_previous      6         1.0    12.000000           12.0                   1.000000                 0.000000         1.000000            1.000000
   id         0.00         2     pooled_goal_map      6         1.0    12.000000           12.0                   1.000000                 0.000000         0.985678            1.000000
   id         0.00         2        raw_previous      6         1.0    12.000000           12.0                   1.000000                 0.000000              NaN                 NaN
   id         0.00         2 relational_pair_map      6         1.0    12.000000           12.0                   1.000000                 0.000000         0.988517            1.000000
   id         0.00         2 relational_task_map      6         1.0    12.000000           12.0                   1.000000                 0.000000         0.986268            1.000000
   id         0.00         2          static_map      6         1.0    12.000000           12.0                   1.000000                 0.000000         0.986127            1.000000
   id         0.00         4     oracle_previous      6         1.0     6.000000            6.0                   1.000000                 0.000000         1.000000            1.000000
   id         0.00         4     pooled_goal_map      6         1.0     6.000000            6.0                   1.000000                 0.000000         0.985678            1.000000
   id         0.00         4        raw_previous      6         1.0     6.000000            6.0                   1.000000                 0.000000              NaN                 NaN
   id         0.00         4 relational_pair_map      6         1.0     6.000000            6.0                   1.000000                 0.000000         0.988517            1.000000
   id         0.00         4 relational_task_map      6         1.0     6.000000            6.0                   1.000000                 0.000000         0.986268            1.000000
   id         0.00         4          static_map      6         1.0     6.000000            6.0                   1.000000                 0.000000         0.986127            1.000000
   id         0.00         8     oracle_previous      6         1.0     3.000000            3.0                   1.000000                 0.000000         1.000000            1.000000
   id         0.00         8     pooled_goal_map      6         1.0     3.000000            3.0                   1.000000                 0.000000         0.985678            1.000000
   id         0.00         8        raw_previous      6         1.0     3.000000            3.0                   1.000000                 0.000000              NaN                 NaN
   id         0.00         8 relational_pair_map      6         1.0     3.000000            3.0                   1.000000                 0.000000         0.988517            1.000000
   id         0.00         8 relational_task_map      6         1.0     3.000000            3.0                   1.000000                 0.000000         0.986268            1.000000
   id         0.00         8          static_map      6         1.0     3.000000            3.0                   1.000000                 0.000000         0.986127            1.000000
   id         0.00        16     oracle_previous      6         1.0     2.000000            2.0                   1.000000                 0.000000         1.000000            1.000000
   id         0.00        16     pooled_goal_map      6         1.0     2.000000            2.0                   1.000000                 0.000000         0.985678            1.000000
   id         0.00        16        raw_previous      6         1.0     2.000000            2.0                   1.000000                 0.250000              NaN                 NaN
   id         0.00        16 relational_pair_map      6         1.0     2.000000            2.0                   1.000000                 0.000000         0.988517            1.000000
   id         0.00        16 relational_task_map      6         1.0     2.000000            2.0                   1.000000                 0.000000         0.986268            1.000000
   id         0.00        16          static_map      6         1.0     2.000000            2.0                   1.000000                 0.000000         0.986127            1.000000
   id         0.10         1     oracle_previous      6         1.0    24.000000           24.0                   1.000000                 0.000000         1.000000            1.000000
   id         0.10         1     pooled_goal_map      6         1.0    24.000000           24.0                   1.000000                 0.000000         0.987546            1.000000
   id         0.10         1        raw_previous      6         1.0    24.000000           24.0                   1.000000                 0.000000              NaN                 NaN
   id         0.10         1 relational_pair_map      6         1.0    24.000000           24.0                   1.000000                 0.000000         0.989775            1.000000
   id         0.10         1 relational_task_map      6         1.0    24.000000           24.0                   1.000000                 0.000000         0.987905            1.000000
   id         0.10         1          static_map      6         1.0    24.000000           24.0                   1.000000                 0.000000         0.988094            1.000000
   id         0.10         2     oracle_previous      6         1.0    12.000000           12.0                   1.000000                 0.000000         1.000000            1.000000
   id         0.10         2     pooled_goal_map      6         1.0    12.000000           12.0                   1.000000                 0.000000         0.987546            1.000000
   id         0.10         2        raw_previous      6         1.0    12.000000           12.0                   1.000000                 0.000000              NaN                 NaN
   id         0.10         2 relational_pair_map      6         1.0    12.000000           12.0                   1.000000                 0.000000         0.989775            1.000000
   id         0.10         2 relational_task_map      6         1.0    12.000000           12.0                   1.000000                 0.000000         0.987905            1.000000
   id         0.10         2          static_map      6         1.0    12.000000           12.0                   1.000000                 0.000000         0.988094            1.000000
   id         0.10         4     oracle_previous      6         1.0     6.000000            6.0                   1.000000                 0.000000         1.000000            1.000000
   id         0.10         4     pooled_goal_map      6         1.0     6.000000            6.0                   1.000000                 0.000000         0.987546            1.000000
   id         0.10         4        raw_previous      6         1.0     6.000000            6.0                   1.000000                 0.000000              NaN                 NaN
   id         0.10         4 relational_pair_map      6         1.0     6.000000            6.0                   1.000000                 0.000000         0.989775            1.000000
   id         0.10         4 relational_task_map      6         1.0     6.000000            6.0                   1.000000                 0.000000         0.987905            1.000000
   id         0.10         4          static_map      6         1.0     6.000000            6.0                   1.000000                 0.000000         0.988094            1.000000
   id         0.10         8     oracle_previous      6         1.0     3.000000            3.0                   1.000000                 0.000000         1.000000            1.000000
   id         0.10         8     pooled_goal_map      6         1.0     3.000000            3.0                   1.000000                 0.000000         0.987546            1.000000
   id         0.10         8        raw_previous      6         1.0     3.000000            3.0                   1.000000                 0.000000              NaN                 NaN
   id         0.10         8 relational_pair_map      6         1.0     3.000000            3.0                   1.000000                 0.000000         0.989775            1.000000
   id         0.10         8 relational_task_map      6         1.0     3.000000            3.0                   1.000000                 0.000000         0.987905            1.000000
   id         0.10         8          static_map      6         1.0     3.000000            3.0                   1.000000                 0.000000         0.988094            1.000000
   id         0.10        16     oracle_previous      6         1.0     2.000000            2.0                   1.000000                 0.000000         1.000000            1.000000
   id         0.10        16     pooled_goal_map      6         1.0     2.000000            2.0                   1.000000                 0.000000         0.987546            1.000000
   id         0.10        16        raw_previous      6         1.0     2.000000            2.0                   1.000000                 0.250000              NaN                 NaN
   id         0.10        16 relational_pair_map      6         1.0     2.000000            2.0                   1.000000                 0.000000         0.989775            1.000000
   id         0.10        16 relational_task_map      6         1.0     2.000000            2.0                   1.000000                 0.000000         0.987905            1.000000
   id         0.10        16          static_map      6         1.0     2.000000            2.0                   1.000000                 0.000000         0.988094            1.000000
   id         0.20         1     oracle_previous      6         1.0    24.000000           24.0                   1.000000                 0.000000         1.000000            1.000000
   id         0.20         1     pooled_goal_map      6         1.0    24.000000           24.0                   1.000000                 0.000000         0.986955            1.000000
   id         0.20         1        raw_previous      6         1.0    24.166667           24.0                   1.006944                 0.006667              NaN                 NaN
   id         0.20         1 relational_pair_map      6         1.0    64.166667           55.0                   2.673611                 0.382991         0.947580            0.979167
   id         0.20         1 relational_task_map      6         1.0    38.833333           24.0                   1.618056                 0.131268         0.975348            0.994213
   id         0.20         1          static_map      6         1.0    24.000000           24.0                   1.000000                 0.000000         0.986265            1.000000
   id         0.20         2     oracle_previous      6         1.0    12.000000           12.0                   1.000000                 0.000000         1.000000            1.000000
   id         0.20         2     pooled_goal_map      6         1.0    12.000000           12.0                   1.000000                 0.000000         0.986955            1.000000
   id         0.20         2        raw_previous      6         1.0    12.166667           12.0                   1.013889                 0.012821              NaN                 NaN
   id         0.20         2 relational_pair_map      6         1.0    32.166667           27.5                   2.680556                 0.383291         0.947580            0.979167
   id         0.20         2 relational_task_map      6         1.0    19.500000           12.0                   1.625000                 0.131579         0.975348            0.994213
   id         0.20         2          static_map      6         1.0    12.000000           12.0                   1.000000                 0.000000         0.986265            1.000000
   id         0.20         4     oracle_previous      6         1.0     6.000000            6.0                   1.000000                 0.000000         1.000000            1.000000
   id         0.20         4     pooled_goal_map      6         1.0     6.000000            6.0                   1.000000                 0.000000         0.986955            1.000000
   id         0.20         4        raw_previous      6         1.0     6.166667            6.0                   1.027778                 0.023810              NaN                 NaN
   id         0.20         4 relational_pair_map      6         1.0    16.166667           14.0                   2.694444                 0.384348         0.947580            0.979167
   id         0.20         4 relational_task_map      6         1.0     9.833333            6.0                   1.638889                 0.132184         0.975348            0.994213
   id         0.20         4          static_map      6         1.0     6.000000            6.0                   1.000000                 0.000000         0.986265            1.000000
   id         0.20         8     oracle_previous      6         1.0     3.000000            3.0                   1.000000                 0.000000         1.000000            1.000000
   id         0.20         8     pooled_goal_map      6         1.0     3.000000            3.0                   1.000000                 0.000000         0.986955            1.000000
   id         0.20         8        raw_previous      6         1.0     3.166667            3.0                   1.055556                 0.041667              NaN                 NaN
   id         0.20         8 relational_pair_map      6         1.0     8.166667            7.0                   2.722222                 0.385498         0.947580            0.979167
   id         0.20         8 relational_task_map      6         1.0     5.000000            3.0                   1.666667                 0.133333         0.975348            0.994213
   id         0.20         8          static_map      6         1.0     3.000000            3.0                   1.000000                 0.000000         0.986265            1.000000
   id         0.20        16     oracle_previous      6         1.0     2.000000            2.0                   1.000000                 0.000000         1.000000            1.000000
   id         0.20        16     pooled_goal_map      6         1.0     2.000000            2.0                   1.000000                 0.000000         0.986955            1.000000
   id         0.20        16        raw_previous      6         1.0     2.000000            2.0                   1.000000                 0.250000              NaN                 NaN
   id         0.20        16 relational_pair_map      6         1.0     4.666667            4.0                   2.333333                 0.387879         0.947580            0.979167
   id         0.20        16 relational_task_map      6         1.0     3.000000            2.0                   1.500000                 0.133333         0.975348            0.994213
   id         0.20        16          static_map      6         1.0     2.000000            2.0                   1.000000                 0.000000         0.986265            1.000000
   id         0.35         1     oracle_previous      6         1.0    24.000000           24.0                   1.000000                 0.000000         1.000000            1.000000
   id         0.35         1     pooled_goal_map      6         1.0    24.000000           24.0                   1.000000                 0.000000         0.985569            1.000000
   id         0.35         1        raw_previous      6         1.0    26.500000           25.5                   1.104167                 0.084429              NaN                 NaN
   id         0.35         1 relational_pair_map      6         1.0   110.500000          116.5                   4.604167                 0.774580         0.570083            0.554398
   id         0.35         1 relational_task_map      6         1.0   103.166667           98.5                   4.298611                 0.751540         0.628697            0.605324
   id         0.35         1          static_map      6         1.0    24.000000           24.0                   1.000000                 0.000000         0.984745            1.000000
   id         0.35         2     oracle_previous      6         1.0    12.000000           12.0                   1.000000                 0.000000         1.000000            1.000000
   id         0.35         2     pooled_goal_map      6         1.0    12.000000           12.0                   1.000000                 0.000000         0.985569            1.000000
   id         0.35         2        raw_previous      6         1.0    13.500000           13.0                   1.125000                 0.100302              NaN                 NaN
   id         0.35         2 relational_pair_map      6         1.0    55.500000           58.5                   4.625000                 0.775625         0.570083            0.554398
   id         0.35         2 relational_task_map      6         1.0    51.833333           49.5                   4.319444                 0.752911         0.628697            0.605324
   id         0.35         2          static_map      6         1.0    12.000000           12.0                   1.000000                 0.000000         0.984745            1.000000
   id         0.35         4     oracle_previous      6         1.0     6.000000            6.0                   1.000000                 0.000000         1.000000            1.000000
   id         0.35         4     pooled_goal_map      6         1.0     6.000000            6.0                   1.000000                 0.000000         0.985569            1.000000
   id         0.35         4        raw_previous      6         1.0     7.166667            7.0                   1.194444                 0.150794              NaN                 NaN
   id         0.35         4 relational_pair_map      6         1.0    28.000000           29.5                   4.666667                 0.778449         0.570083            0.554398
   id         0.35         4 relational_task_map      6         1.0    26.166667           25.0                   4.361111                 0.754495         0.628697            0.605324
   id         0.35         4          static_map      6         1.0     6.000000            6.0                   1.000000                 0.000000         0.984745            1.000000
   id         0.35         8     oracle_previous      6         1.0     3.000000            3.0                   1.000000                 0.000000         1.000000            1.000000
   id         0.35         8     pooled_goal_map      6         1.0     3.000000            3.0                   1.000000                 0.000000         0.985569            1.000000
   id         0.35         8        raw_previous      6         1.0     4.000000            4.0                   1.333333                 0.233333              NaN                 NaN
   id         0.35         8 relational_pair_map      6         1.0    14.166667           15.0                   4.722222                 0.781762         0.570083            0.554398
   id         0.35         8 relational_task_map      6         1.0    13.166667           12.5                   4.388889                 0.757127         0.628697            0.605324
   id         0.35         8          static_map      6         1.0     3.000000            3.0                   1.000000                 0.000000         0.984745            1.000000
   id         0.35        16     oracle_previous      6         1.0     2.000000            2.0                   1.000000                 0.000000         1.000000            1.000000
   id         0.35        16     pooled_goal_map      6         1.0     2.000000            2.0                   1.000000                 0.000000         0.985569            1.000000
   id         0.35        16        raw_previous      6         1.0     2.166667            2.0                   1.083333                 0.275000              NaN                 NaN
   id         0.35        16 relational_pair_map      6         1.0     7.666667            8.0                   3.833333                 0.783601         0.570083            0.554398
   id         0.35        16 relational_task_map      6         1.0     7.333333            7.0                   3.666667                 0.766339         0.628697            0.605324
   id         0.35        16          static_map      6         1.0     2.000000            2.0                   1.000000                 0.000000         0.984745            1.000000
  ood         0.00         1     oracle_previous      6         1.0    24.000000           24.0                   1.000000                 0.000000         1.000000            1.000000
  ood         0.00         1     pooled_goal_map      6         1.0   119.500000          124.5                   4.979167                 0.793474         0.083631            0.061343
  ood         0.00         1        raw_previous      6         1.0    24.000000           24.0                   1.000000                 0.000000              NaN                 NaN
  ood         0.00         1 relational_pair_map      6         1.0    24.000000           24.0                   1.000000                 0.000000         0.988236            1.000000
  ood         0.00         1 relational_task_map      6         1.0    24.000000           24.0                   1.000000                 0.000000         0.986124            1.000000
  ood         0.00         1          static_map      6         1.0   131.500000          128.0                   5.479167                 0.813142         0.070724            0.053241
  ood         0.00         2     oracle_previous      6         1.0    12.000000           12.0                   1.000000                 0.000000         1.000000            1.000000
  ood         0.00         2     pooled_goal_map      6         1.0    59.833333           62.5                   4.986111                 0.793745         0.083631            0.061343
  ood         0.00         2        raw_previous      6         1.0    12.000000           12.0                   1.000000                 0.000000              NaN                 NaN
  ood         0.00         2 relational_pair_map      6         1.0    12.000000           12.0                   1.000000                 0.000000         0.988236            1.000000
  ood         0.00         2 relational_task_map      6         1.0    12.000000           12.0                   1.000000                 0.000000         0.986124            1.000000
  ood         0.00         2          static_map      6         1.0    66.000000           64.0                   5.500000                 0.813748         0.070724            0.053241
  ood         0.00         4     oracle_previous      6         1.0     6.000000            6.0                   1.000000                 0.000000         1.000000            1.000000
  ood         0.00         4     pooled_goal_map      6         1.0    30.333333           31.5                   5.055556                 0.796857         0.083631            0.061343
  ood         0.00         4        raw_previous      6         1.0     6.000000            6.0                   1.000000                 0.000000              NaN                 NaN
  ood         0.00         4 relational_pair_map      6         1.0     6.000000            6.0                   1.000000                 0.000000         0.988236            1.000000
  ood         0.00         4 relational_task_map      6         1.0     6.000000            6.0                   1.000000                 0.000000         0.986124            1.000000
  ood         0.00         4          static_map      6         1.0    33.166667           32.0                   5.527778                 0.814819         0.070724            0.053241
  ood         0.00         8     oracle_previous      6         1.0     3.000000            3.0                   1.000000                 0.000000         1.000000            1.000000
  ood         0.00         8     pooled_goal_map      6         1.0    15.500000           16.0                   5.166667                 0.800776         0.083631            0.061343
  ood         0.00         8        raw_previous      6         1.0     3.000000            3.0                   1.000000                 0.000000              NaN                 NaN
  ood         0.00         8 relational_pair_map      6         1.0     3.000000            3.0                   1.000000                 0.000000         0.988236            1.000000
  ood         0.00         8 relational_task_map      6         1.0     3.000000            3.0                   1.000000                 0.000000         0.986124            1.000000
  ood         0.00         8          static_map      6         1.0    16.666667           16.0                   5.555556                 0.815460         0.070724            0.053241
  ood         0.00        16     oracle_previous      6         1.0     2.000000            2.0                   1.000000                 0.000000         1.000000            1.000000
  ood         0.00        16     pooled_goal_map      6         1.0     8.666667            9.0                   4.333333                 0.809757         0.083631            0.061343
  ood         0.00        16        raw_previous      6         1.0     2.000000            2.0                   1.000000                 0.250000              NaN                 NaN
  ood         0.00        16 relational_pair_map      6         1.0     2.000000            2.0                   1.000000                 0.000000         0.988236            1.000000
  ood         0.00        16 relational_task_map      6         1.0     2.000000            2.0                   1.000000                 0.000000         0.986124            1.000000
  ood         0.00        16          static_map      6         1.0     9.000000            8.5                   4.500000                 0.817841         0.070724            0.053241
  ood         0.10         1     oracle_previous      6         1.0    24.000000           24.0                   1.000000                 0.000000         1.000000            1.000000
  ood         0.10         1     pooled_goal_map      6         1.0   118.333333          118.0                   4.930556                 0.782436         0.085102            0.063657
  ood         0.10         1        raw_previous      6         1.0    24.000000           24.0                   1.000000                 0.000000              NaN                 NaN
  ood         0.10         1 relational_pair_map      6         1.0    24.000000           24.0                   1.000000                 0.000000         0.990337            1.000000
  ood         0.10         1 relational_task_map      6         1.0    24.000000           24.0                   1.000000                 0.000000         0.988481            1.000000
  ood         0.10         1          static_map      6         1.0   118.333333          118.5                   4.930556                 0.790414         0.073172            0.057870
  ood         0.10         2     oracle_previous      6         1.0    12.000000           12.0                   1.000000                 0.000000         1.000000            1.000000
  ood         0.10         2     pooled_goal_map      6         1.0    59.333333           59.0                   4.944444                 0.783576         0.085102            0.063657
  ood         0.10         2        raw_previous      6         1.0    12.000000           12.0                   1.000000                 0.000000              NaN                 NaN
  ood         0.10         2 relational_pair_map      6         1.0    12.000000           12.0                   1.000000                 0.000000         0.990337            1.000000
  ood         0.10         2 relational_task_map      6         1.0    12.000000           12.0                   1.000000                 0.000000         0.988481            1.000000
  ood         0.10         2          static_map      6         1.0    59.333333           59.5                   4.944444                 0.791309         0.073172            0.057870
  ood         0.10         4     oracle_previous      6         1.0     6.000000            6.0                   1.000000                 0.000000         1.000000            1.000000
  ood         0.10         4     pooled_goal_map      6         1.0    29.833333           29.5                   4.972222                 0.784263         0.085102            0.063657
  ood         0.10         4        raw_previous      6         1.0     6.000000            6.0                   1.000000                 0.000000              NaN                 NaN
  ood         0.10         4 relational_pair_map      6         1.0     6.000000            6.0                   1.000000                 0.000000         0.990337            1.000000
  ood         0.10         4 relational_task_map      6         1.0     6.000000            6.0                   1.000000                 0.000000         0.988481            1.000000
  ood         0.10         4          static_map      6         1.0    30.000000           30.0                   5.000000                 0.793264         0.073172            0.057870
  ood         0.10         8     oracle_previous      6         1.0     3.000000            3.0                   1.000000                 0.000000         1.000000            1.000000
  ood         0.10         8     pooled_goal_map      6         1.0    15.166667           15.0                   5.055556                 0.789144         0.085102            0.063657
  ood         0.10         8        raw_previous      6         1.0     3.000000            3.0                   1.000000                 0.000000              NaN                 NaN
  ood         0.10         8 relational_pair_map      6         1.0     3.000000            3.0                   1.000000                 0.000000         0.990337            1.000000
  ood         0.10         8 relational_task_map      6         1.0     3.000000            3.0                   1.000000                 0.000000         0.988481            1.000000
  ood         0.10         8          static_map      6         1.0    15.166667           15.0                   5.055556                 0.796139         0.073172            0.057870
  ood         0.10        16     oracle_previous      6         1.0     2.000000            2.0                   1.000000                 0.000000         1.000000            1.000000
  ood         0.10        16     pooled_goal_map      6         1.0     8.333333            8.0                   4.166667                 0.798085         0.085102            0.063657
  ood         0.10        16        raw_previous      6         1.0     2.000000            2.0                   1.000000                 0.250000              NaN                 NaN
  ood         0.10        16 relational_pair_map      6         1.0     2.000000            2.0                   1.000000                 0.000000         0.990337            1.000000
  ood         0.10        16 relational_task_map      6         1.0     2.000000            2.0                   1.000000                 0.000000         0.988481            1.000000
  ood         0.10        16          static_map      6         1.0     8.333333            8.5                   4.166667                 0.802739         0.073172            0.057870
  ood         0.20         1     oracle_previous      6         1.0    24.000000           24.0                   1.000000                 0.000000         1.000000            1.000000
  ood         0.20         1     pooled_goal_map      6         1.0   126.000000          130.0                   5.250000                 0.804068         0.076957            0.065972
  ood         0.20         1        raw_previous      6         1.0    24.000000           24.0                   1.000000                 0.000000              NaN                 NaN
  ood         0.20         1 relational_pair_map      6         1.0    35.000000           26.5                   1.458333                 0.178103         0.948553            0.974537
  ood         0.20         1 relational_task_map      6         1.0    35.333333           26.5                   1.472222                 0.186436         0.970560            0.987269
  ood         0.20         1          static_map      6         1.0   138.333333          141.5                   5.763889                 0.823849         0.070934            0.053241
  ood         0.20         2     oracle_previous      6         1.0    12.000000           12.0                   1.000000                 0.000000         1.000000            1.000000
  ood         0.20         2     pooled_goal_map      6         1.0    63.166667           65.0                   5.263889                 0.804735         0.076957            0.065972
  ood         0.20         2        raw_previous      6         1.0    12.000000           12.0                   1.000000                 0.000000              NaN                 NaN
  ood         0.20         2 relational_pair_map      6         1.0    17.666667           13.5                   1.472222                 0.183333         0.948553            0.974537
  ood         0.20         2 relational_task_map      6         1.0    17.833333           13.5                   1.486111                 0.191667         0.970560            0.987269
  ood         0.20         2          static_map      6         1.0    69.333333           71.0                   5.777778                 0.824371         0.070934            0.053241
  ood         0.20         4     oracle_previous      6         1.0     6.000000            6.0                   1.000000                 0.000000         1.000000            1.000000
  ood         0.20         4     pooled_goal_map      6         1.0    31.833333           32.5                   5.305556                 0.806080         0.076957            0.065972
  ood         0.20         4        raw_previous      6         1.0     6.000000            6.0                   1.000000                 0.000000              NaN                 NaN
  ood         0.20         4 relational_pair_map      6         1.0     9.000000            7.0                   1.500000                 0.200000         0.948553            0.974537
  ood         0.20         4 relational_task_map      6         1.0     9.000000            7.0                   1.500000                 0.200000         0.970560            0.987269
  ood         0.20         4          static_map      6         1.0    35.000000           36.0                   5.833333                 0.826121         0.070934            0.053241
  ood         0.20         8     oracle_previous      6         1.0     3.000000            3.0                   1.000000                 0.000000         1.000000            1.000000
  ood         0.20         8     pooled_goal_map      6         1.0    16.333333           16.5                   5.444444                 0.811257         0.076957            0.065972
  ood         0.20         8        raw_previous      6         1.0     3.000000            3.0                   1.000000                 0.000000              NaN                 NaN
  ood         0.20         8 relational_pair_map      6         1.0     4.500000            3.5                   1.500000                 0.200000         0.948553            0.974537
  ood         0.20         8 relational_task_map      6         1.0     4.500000            3.5                   1.500000                 0.200000         0.970560            0.987269
  ood         0.20         8          static_map      6         1.0    17.666667           18.5                   5.888889                 0.827626         0.070934            0.053241
  ood         0.20        16     oracle_previous      6         1.0     2.000000            2.0                   1.000000                 0.000000         1.000000            1.000000
  ood         0.20        16     pooled_goal_map      6         1.0     8.833333            9.0                   4.416667                 0.815924         0.076957            0.065972
  ood         0.20        16        raw_previous      6         1.0     2.000000            2.0                   1.000000                 0.250000              NaN                 NaN
  ood         0.20        16 relational_pair_map      6         1.0     3.000000            2.5                   1.500000                 0.254545         0.948553            0.974537
  ood         0.20        16 relational_task_map      6         1.0     3.000000            2.5                   1.500000                 0.254545         0.970560            0.987269
  ood         0.20        16          static_map      6         1.0     9.666667           10.0                   4.833333                 0.834498         0.070934            0.053241
  ood         0.35         1     oracle_previous      6         1.0    24.000000           24.0                   1.000000                 0.000000         1.000000            1.000000
  ood         0.35         1     pooled_goal_map      6         1.0   129.166667          127.0                   5.381944                 0.812246         0.075956            0.053241
  ood         0.35         1        raw_previous      6         1.0    26.166667           24.5                   1.090278                 0.065714              NaN                 NaN
  ood         0.35         1 relational_pair_map      6         1.0   127.166667          130.0                   5.298611                 0.804265         0.573928            0.547454
  ood         0.35         1 relational_task_map      6         1.0   107.833333          106.5                   4.493056                 0.753524         0.626306            0.598380
  ood         0.35         1          static_map      6         1.0   130.333333          134.0                   5.430556                 0.812705         0.071417            0.052083
  ood         0.35         2     oracle_previous      6         1.0    12.000000           12.0                   1.000000                 0.000000         1.000000            1.000000
  ood         0.35         2     pooled_goal_map      6         1.0    65.000000           64.0                   5.416667                 0.813390         0.075956            0.053241
  ood         0.35         2        raw_previous      6         1.0    13.333333           12.5                   1.111111                 0.081197              NaN                 NaN
  ood         0.35         2 relational_pair_map      6         1.0    63.833333           65.5                   5.319444                 0.805284         0.573928            0.547454
  ood         0.35         2 relational_task_map      6         1.0    54.166667           53.5                   4.513889                 0.755528         0.626306            0.598380
  ood         0.35         2          static_map      6         1.0    65.333333           67.0                   5.444444                 0.813093         0.071417            0.052083
  ood         0.35         4     oracle_previous      6         1.0     6.000000            6.0                   1.000000                 0.000000         1.000000            1.000000
  ood         0.35         4     pooled_goal_map      6         1.0    32.833333           32.0                   5.472222                 0.815315         0.075956            0.053241
  ood         0.35         4        raw_previous      6         1.0     6.833333            6.5                   1.138889                 0.103175              NaN                 NaN
  ood         0.35         4 relational_pair_map      6         1.0    32.166667           33.0                   5.361111                 0.807208         0.573928            0.547454
  ood         0.35         4 relational_task_map      6         1.0    27.166667           27.0                   4.527778                 0.756344         0.626306            0.598380
  ood         0.35         4          static_map      6         1.0    33.166667           34.0                   5.527778                 0.816018         0.071417            0.052083
  ood         0.35         8     oracle_previous      6         1.0     3.000000            3.0                   1.000000                 0.000000         1.000000            1.000000
  ood         0.35         8     pooled_goal_map      6         1.0    16.666667           16.0                   5.555556                 0.817758         0.075956            0.053241
  ood         0.35         8        raw_previous      6         1.0     3.666667            3.5                   1.222222                 0.150000              NaN                 NaN
  ood         0.35         8 relational_pair_map      6         1.0    16.166667           16.5                   5.388889                 0.807919         0.573928            0.547454
  ood         0.35         8 relational_task_map      6         1.0    14.000000           14.0                   4.666667                 0.766157         0.626306            0.598380
  ood         0.35         8          static_map      6         1.0    17.000000           17.5                   5.666667                 0.820844         0.071417            0.052083
  ood         0.35        16     oracle_previous      6         1.0     2.000000            2.0                   1.000000                 0.000000         1.000000            1.000000
  ood         0.35        16     pooled_goal_map      6         1.0     9.333333            9.0                   4.666667                 0.828306         0.075956            0.053241
  ood         0.35        16        raw_previous      6         1.0     2.166667            2.0                   1.083333                 0.275000              NaN                 NaN
  ood         0.35        16 relational_pair_map      6         1.0     8.666667            9.0                   4.333333                 0.809757         0.573928            0.547454
  ood         0.35        16 relational_task_map      6         1.0     7.666667            7.5                   3.833333                 0.774563         0.626306            0.598380
  ood         0.35        16          static_map      6         1.0     9.166667            9.5                   4.583333                 0.823768         0.071417            0.052083
