split  input_noise  n_agents            protocol  tasks  solve_rate  mean_rounds  median_rounds  mean_ratio_to_lower_bound  mean_duplicate_fraction  mean_map_cosine  mean_top1_accuracy
   id         0.00         1     oracle_previous      6    1.000000    24.000000           24.0                   1.000000                 0.000000         1.000000            1.000000
   id         0.00         1     pooled_goal_map      6    1.000000    24.000000           24.0                   1.000000                 0.000000         0.987087            1.000000
   id         0.00         1        raw_previous      6    1.000000    44.500000           45.0                   1.854167                 0.458107              NaN                 NaN
   id         0.00         1 relational_pair_map      6    1.000000    24.000000           24.0                   1.000000                 0.000000         0.986291            1.000000
   id         0.00         1 relational_task_map      6    1.000000    24.000000           24.0                   1.000000                 0.000000         0.988227            1.000000
   id         0.00         1          static_map      6    1.000000    24.000000           24.0                   1.000000                 0.000000         0.986786            1.000000
   id         0.00         2     oracle_previous      6    1.000000    12.000000           12.0                   1.000000                 0.000000         1.000000            1.000000
   id         0.00         2     pooled_goal_map      6    1.000000    12.000000           12.0                   1.000000                 0.000000         0.987087            1.000000
   id         0.00         2        raw_previous      6    1.000000    22.500000           22.5                   1.875000                 0.464559              NaN                 NaN
   id         0.00         2 relational_pair_map      6    1.000000    12.000000           12.0                   1.000000                 0.000000         0.986291            1.000000
   id         0.00         2 relational_task_map      6    1.000000    12.000000           12.0                   1.000000                 0.000000         0.988227            1.000000
   id         0.00         2          static_map      6    1.000000    12.000000           12.0                   1.000000                 0.000000         0.986786            1.000000
   id         0.00         4     oracle_previous      6    1.000000     6.000000            6.0                   1.000000                 0.000000         1.000000            1.000000
   id         0.00         4     pooled_goal_map      6    1.000000     6.000000            6.0                   1.000000                 0.000000         0.987087            1.000000
   id         0.00         4        raw_previous      6    1.000000    11.333333           11.5                   1.888889                 0.468182              NaN                 NaN
   id         0.00         4 relational_pair_map      6    1.000000     6.000000            6.0                   1.000000                 0.000000         0.986291            1.000000
   id         0.00         4 relational_task_map      6    1.000000     6.000000            6.0                   1.000000                 0.000000         0.988227            1.000000
   id         0.00         4          static_map      6    1.000000     6.000000            6.0                   1.000000                 0.000000         0.986786            1.000000
   id         0.00         8     oracle_previous      6    1.000000     3.000000            3.0                   1.000000                 0.000000         1.000000            1.000000
   id         0.00         8     pooled_goal_map      6    1.000000     3.000000            3.0                   1.000000                 0.000000         0.987087            1.000000
   id         0.00         8        raw_previous      6    1.000000     5.833333            6.0                   1.944444                 0.483333              NaN                 NaN
   id         0.00         8 relational_pair_map      6    1.000000     3.000000            3.0                   1.000000                 0.000000         0.986291            1.000000
   id         0.00         8 relational_task_map      6    1.000000     3.000000            3.0                   1.000000                 0.000000         0.988227            1.000000
   id         0.00         8          static_map      6    1.000000     3.000000            3.0                   1.000000                 0.000000         0.986786            1.000000
   id         0.00        16     oracle_previous      6    1.000000     2.000000            2.0                   1.000000                 0.000000         1.000000            1.000000
   id         0.00        16     pooled_goal_map      6    1.000000     2.000000            2.0                   1.000000                 0.000000         0.987087            1.000000
   id         0.00        16        raw_previous      6    1.000000     3.000000            3.0                   1.500000                 0.500000              NaN                 NaN
   id         0.00        16 relational_pair_map      6    1.000000     2.000000            2.0                   1.000000                 0.000000         0.986291            1.000000
   id         0.00        16 relational_task_map      6    1.000000     2.000000            2.0                   1.000000                 0.000000         0.988227            1.000000
   id         0.00        16          static_map      6    1.000000     2.000000            2.0                   1.000000                 0.000000         0.986786            1.000000
   id         0.10         1     oracle_previous      6    1.000000    24.000000           24.0                   1.000000                 0.000000         1.000000            1.000000
   id         0.10         1     pooled_goal_map      6    1.000000    24.000000           24.0                   1.000000                 0.000000         0.987548            1.000000
   id         0.10         1        raw_previous      6    1.000000    39.500000           41.0                   1.645833                 0.386838              NaN                 NaN
   id         0.10         1 relational_pair_map      6    1.000000    24.000000           24.0                   1.000000                 0.000000         0.989152            1.000000
   id         0.10         1 relational_task_map      6    1.000000    24.000000           24.0                   1.000000                 0.000000         0.989554            1.000000
   id         0.10         1          static_map      6    1.000000    24.000000           24.0                   1.000000                 0.000000         0.987097            1.000000
   id         0.10         2     oracle_previous      6    1.000000    12.000000           12.0                   1.000000                 0.000000         1.000000            1.000000
   id         0.10         2     pooled_goal_map      6    1.000000    12.000000           12.0                   1.000000                 0.000000         0.987548            1.000000
   id         0.10         2        raw_previous      6    1.000000    20.000000           21.0                   1.666667                 0.394048              NaN                 NaN
   id         0.10         2 relational_pair_map      6    1.000000    12.000000           12.0                   1.000000                 0.000000         0.989152            1.000000
   id         0.10         2 relational_task_map      6    1.000000    12.000000           12.0                   1.000000                 0.000000         0.989554            1.000000
   id         0.10         2          static_map      6    1.000000    12.000000           12.0                   1.000000                 0.000000         0.987097            1.000000
   id         0.10         4     oracle_previous      6    1.000000     6.000000            6.0                   1.000000                 0.000000         1.000000            1.000000
   id         0.10         4     pooled_goal_map      6    1.000000     6.000000            6.0                   1.000000                 0.000000         0.987548            1.000000
   id         0.10         4        raw_previous      6    1.000000    10.333333           11.0                   1.722222                 0.411364              NaN                 NaN
   id         0.10         4 relational_pair_map      6    1.000000     6.000000            6.0                   1.000000                 0.000000         0.989152            1.000000
   id         0.10         4 relational_task_map      6    1.000000     6.000000            6.0                   1.000000                 0.000000         0.989554            1.000000
   id         0.10         4          static_map      6    1.000000     6.000000            6.0                   1.000000                 0.000000         0.987097            1.000000
   id         0.10         8     oracle_previous      6    1.000000     3.000000            3.0                   1.000000                 0.000000         1.000000            1.000000
   id         0.10         8     pooled_goal_map      6    1.000000     3.000000            3.0                   1.000000                 0.000000         0.987548            1.000000
   id         0.10         8        raw_previous      6    1.000000     5.500000            6.0                   1.833333                 0.441667              NaN                 NaN
   id         0.10         8 relational_pair_map      6    1.000000     3.000000            3.0                   1.000000                 0.000000         0.989152            1.000000
   id         0.10         8 relational_task_map      6    1.000000     3.000000            3.0                   1.000000                 0.000000         0.989554            1.000000
   id         0.10         8          static_map      6    1.000000     3.000000            3.0                   1.000000                 0.000000         0.987097            1.000000
   id         0.10        16     oracle_previous      6    1.000000     2.000000            2.0                   1.000000                 0.000000         1.000000            1.000000
   id         0.10        16     pooled_goal_map      6    1.000000     2.000000            2.0                   1.000000                 0.000000         0.987548            1.000000
   id         0.10        16        raw_previous      6    1.000000     2.833333            3.0                   1.416667                 0.458333              NaN                 NaN
   id         0.10        16 relational_pair_map      6    1.000000     2.000000            2.0                   1.000000                 0.000000         0.989152            1.000000
   id         0.10        16 relational_task_map      6    1.000000     2.000000            2.0                   1.000000                 0.000000         0.989554            1.000000
   id         0.10        16          static_map      6    1.000000     2.000000            2.0                   1.000000                 0.000000         0.987097            1.000000
   id         0.20         1     oracle_previous      6    1.000000    24.000000           24.0                   1.000000                 0.000000         1.000000            1.000000
   id         0.20         1     pooled_goal_map      6    1.000000    24.000000           24.0                   1.000000                 0.000000         0.987287            1.000000
   id         0.20         1        raw_previous      6    1.000000    41.666667           42.0                   1.736111                 0.421074              NaN                 NaN
   id         0.20         1 relational_pair_map      6    1.000000    35.166667           24.0                   1.465278                 0.122711         0.923582            0.957176
   id         0.20         1 relational_task_map      6    1.000000    35.166667           24.0                   1.465278                 0.122711         0.949960            0.979167
   id         0.20         1          static_map      6    1.000000    24.000000           24.0                   1.000000                 0.000000         0.987581            1.000000
   id         0.20         2     oracle_previous      6    1.000000    12.000000           12.0                   1.000000                 0.000000         1.000000            1.000000
   id         0.20         2     pooled_goal_map      6    1.000000    12.000000           12.0                   1.000000                 0.000000         0.987287            1.000000
   id         0.20         2        raw_previous      6    1.000000    21.166667           21.0                   1.763889                 0.430348              NaN                 NaN
   id         0.20         2 relational_pair_map      6    1.000000    17.666667           12.0                   1.472222                 0.123188         0.923582            0.957176
   id         0.20         2 relational_task_map      6    1.000000    17.666667           12.0                   1.472222                 0.123188         0.949960            0.979167
   id         0.20         2          static_map      6    1.000000    12.000000           12.0                   1.000000                 0.000000         0.987581            1.000000
   id         0.20         4     oracle_previous      6    1.000000     6.000000            6.0                   1.000000                 0.000000         1.000000            1.000000
   id         0.20         4     pooled_goal_map      6    1.000000     6.000000            6.0                   1.000000                 0.000000         0.987287            1.000000
   id         0.20         4        raw_previous      6    1.000000    11.000000           11.0                   1.833333                 0.451515              NaN                 NaN
   id         0.20         4 relational_pair_map      6    1.000000     8.833333            6.0                   1.472222                 0.123188         0.923582            0.957176
   id         0.20         4 relational_task_map      6    1.000000     8.833333            6.0                   1.472222                 0.123188         0.949960            0.979167
   id         0.20         4          static_map      6    1.000000     6.000000            6.0                   1.000000                 0.000000         0.987581            1.000000
   id         0.20         8     oracle_previous      6    1.000000     3.000000            3.0                   1.000000                 0.000000         1.000000            1.000000
   id         0.20         8     pooled_goal_map      6    1.000000     3.000000            3.0                   1.000000                 0.000000         0.987287            1.000000
   id         0.20         8        raw_previous      6    1.000000     5.666667            6.0                   1.888889                 0.466667              NaN                 NaN
   id         0.20         8 relational_pair_map      6    1.000000     4.500000            3.0                   1.500000                 0.125000         0.923582            0.957176
   id         0.20         8 relational_task_map      6    1.000000     4.500000            3.0                   1.500000                 0.125000         0.949960            0.979167
   id         0.20         8          static_map      6    1.000000     3.000000            3.0                   1.000000                 0.000000         0.987581            1.000000
   id         0.20        16     oracle_previous      6    1.000000     2.000000            2.0                   1.000000                 0.000000         1.000000            1.000000
   id         0.20        16     pooled_goal_map      6    1.000000     2.000000            2.0                   1.000000                 0.000000         0.987287            1.000000
   id         0.20        16        raw_previous      6    1.000000     3.000000            3.0                   1.500000                 0.500000              NaN                 NaN
   id         0.20        16 relational_pair_map      6    1.000000     2.833333            2.0                   1.416667                 0.128205         0.923582            0.957176
   id         0.20        16 relational_task_map      6    1.000000     2.833333            2.0                   1.416667                 0.128205         0.949960            0.979167
   id         0.20        16          static_map      6    1.000000     2.000000            2.0                   1.000000                 0.000000         0.987581            1.000000
   id         0.35         1     oracle_previous      6    1.000000    24.000000           24.0                   1.000000                 0.000000         1.000000            1.000000
   id         0.35         1     pooled_goal_map      6    1.000000    24.000000           24.0                   1.000000                 0.000000         0.984327            0.998843
   id         0.35         1        raw_previous      6    1.000000    48.166667           50.0                   2.006944                 0.487959              NaN                 NaN
   id         0.35         1 relational_pair_map      6    1.000000   153.333333          153.0                   6.388889                 0.834988         0.504004            0.483796
   id         0.35         1 relational_task_map      6    1.000000   147.666667          141.0                   6.152778                 0.825420         0.540993            0.517361
   id         0.35         1          static_map      6    1.000000    24.000000           24.0                   1.000000                 0.000000         0.985531            1.000000
   id         0.35         2     oracle_previous      6    1.000000    12.000000           12.0                   1.000000                 0.000000         1.000000            1.000000
   id         0.35         2     pooled_goal_map      6    1.000000    12.000000           12.0                   1.000000                 0.000000         0.984327            0.998843
   id         0.35         2        raw_previous      6    1.000000    24.333333           25.0                   2.027778                 0.493312              NaN                 NaN
   id         0.35         2 relational_pair_map      6    1.000000    76.833333           76.5                   6.402778                 0.835433         0.504004            0.483796
   id         0.35         2 relational_task_map      6    1.000000    74.166667           71.0                   6.180556                 0.826556         0.540993            0.517361
   id         0.35         2          static_map      6    1.000000    12.000000           12.0                   1.000000                 0.000000         0.985531            1.000000
   id         0.35         4     oracle_previous      6    1.000000     6.000000            6.0                   1.000000                 0.000000         1.000000            1.000000
   id         0.35         4     pooled_goal_map      6    1.000000     6.000000            6.0                   1.000000                 0.000000         0.984327            0.998843
   id         0.35         4        raw_previous      6    1.000000    12.500000           13.0                   2.083333                 0.507143              NaN                 NaN
   id         0.35         4 relational_pair_map      6    1.000000    38.666667           38.5                   6.444444                 0.836589         0.504004            0.483796
   id         0.35         4 relational_task_map      6    1.000000    37.333333           35.5                   6.222222                 0.828123         0.540993            0.517361
   id         0.35         4          static_map      6    1.000000     6.000000            6.0                   1.000000                 0.000000         0.985531            1.000000
   id         0.35         8     oracle_previous      6    1.000000     3.000000            3.0                   1.000000                 0.000000         1.000000            1.000000
   id         0.35         8     pooled_goal_map      6    1.000000     3.000000            3.0                   1.000000                 0.000000         0.984327            0.998843
   id         0.35         8        raw_previous      6    1.000000     6.333333            6.5                   2.111111                 0.511310              NaN                 NaN
   id         0.35         8 relational_pair_map      6    1.000000    19.500000           19.5                   6.500000                 0.838532         0.504004            0.483796
   id         0.35         8 relational_task_map      6    1.000000    18.833333           18.0                   6.277778                 0.830595         0.540993            0.517361
   id         0.35         8          static_map      6    1.000000     3.000000            3.0                   1.000000                 0.000000         0.985531            1.000000
   id         0.35        16     oracle_previous      6    1.000000     2.000000            2.0                   1.000000                 0.000000         1.000000            1.000000
   id         0.35        16     pooled_goal_map      6    1.000000     2.000000            2.0                   1.000000                 0.000000         0.984327            0.998843
   id         0.35        16        raw_previous      6    1.000000     3.500000            3.5                   1.750000                 0.562500              NaN                 NaN
   id         0.35        16 relational_pair_map      6    1.000000    10.500000           10.5                   5.250000                 0.843208         0.504004            0.483796
   id         0.35        16 relational_task_map      6    1.000000    10.166667            9.5                   5.083333                 0.836190         0.540993            0.517361
   id         0.35        16          static_map      6    1.000000     2.000000            2.0                   1.000000                 0.000000         0.985531            1.000000
  ood         0.00         1     oracle_previous      6    1.000000    24.000000           24.0                   1.000000                 0.000000         1.000000            1.000000
  ood         0.00         1     pooled_goal_map      6    1.000000   174.833333          181.0                   7.284722                 0.860659         0.086276            0.059028
  ood         0.00         1        raw_previous      6    1.000000    42.166667           43.0                   1.756944                 0.425122              NaN                 NaN
  ood         0.00         1 relational_pair_map      6    1.000000    24.000000           24.0                   1.000000                 0.000000         0.985829            1.000000
  ood         0.00         1 relational_task_map      6    1.000000    24.000000           24.0                   1.000000                 0.000000         0.987713            1.000000
  ood         0.00         1          static_map      6    1.000000   169.333333          178.0                   7.055556                 0.854975         0.067005            0.061343
  ood         0.00         2     oracle_previous      6    1.000000    12.000000           12.0                   1.000000                 0.000000         1.000000            1.000000
  ood         0.00         2     pooled_goal_map      6    1.000000    87.500000           90.5                   7.291667                 0.860775         0.086276            0.059028
  ood         0.00         2        raw_previous      6    1.000000    21.166667           21.5                   1.763889                 0.427055              NaN                 NaN
  ood         0.00         2 relational_pair_map      6    1.000000    12.000000           12.0                   1.000000                 0.000000         0.985829            1.000000
  ood         0.00         2 relational_task_map      6    1.000000    12.000000           12.0                   1.000000                 0.000000         0.987713            1.000000
  ood         0.00         2          static_map      6    1.000000    84.833333           89.0                   7.069444                 0.855250         0.067005            0.061343
  ood         0.00         4     oracle_previous      6    1.000000     6.000000            6.0                   1.000000                 0.000000         1.000000            1.000000
  ood         0.00         4     pooled_goal_map      6    1.000000    44.000000           45.5                   7.333333                 0.861541         0.086276            0.059028
  ood         0.00         4        raw_previous      6    1.000000    11.000000           11.0                   1.833333                 0.449495              NaN                 NaN
  ood         0.00         4 relational_pair_map      6    1.000000     6.000000            6.0                   1.000000                 0.000000         0.985829            1.000000
  ood         0.00         4 relational_task_map      6    1.000000     6.000000            6.0                   1.000000                 0.000000         0.987713            1.000000
  ood         0.00         4          static_map      6    1.000000    42.500000           44.5                   7.083333                 0.855746         0.067005            0.061343
  ood         0.00         8     oracle_previous      6    1.000000     3.000000            3.0                   1.000000                 0.000000         1.000000            1.000000
  ood         0.00         8     pooled_goal_map      6    1.000000    22.166667           23.0                   7.388889                 0.862467         0.086276            0.059028
  ood         0.00         8        raw_previous      6    1.000000     5.833333            6.0                   1.944444                 0.483333              NaN                 NaN
  ood         0.00         8 relational_pair_map      6    1.000000     3.000000            3.0                   1.000000                 0.000000         0.985829            1.000000
  ood         0.00         8 relational_task_map      6    1.000000     3.000000            3.0                   1.000000                 0.000000         0.987713            1.000000
  ood         0.00         8          static_map      6    1.000000    21.333333           22.5                   7.111111                 0.856229         0.067005            0.061343
  ood         0.00        16     oracle_previous      6    1.000000     2.000000            2.0                   1.000000                 0.000000         1.000000            1.000000
  ood         0.00        16     pooled_goal_map      6    1.000000    11.666667           12.0                   5.833333                 0.863300         0.086276            0.059028
  ood         0.00        16        raw_previous      6    1.000000     3.000000            3.0                   1.500000                 0.500000              NaN                 NaN
  ood         0.00        16 relational_pair_map      6    1.000000     2.000000            2.0                   1.000000                 0.000000         0.985829            1.000000
  ood         0.00        16 relational_task_map      6    1.000000     2.000000            2.0                   1.000000                 0.000000         0.987713            1.000000
  ood         0.00        16          static_map      6    1.000000    11.333333           12.0                   5.666667                 0.859055         0.067005            0.061343
  ood         0.10         1     oracle_previous      6    1.000000    24.000000           24.0                   1.000000                 0.000000         1.000000            1.000000
  ood         0.10         1     pooled_goal_map      6    0.833333   177.000000          182.0                   7.375000                 0.863060         0.084327            0.062500
  ood         0.10         1        raw_previous      6    1.000000    34.333333           33.5                   1.430556                 0.286105              NaN                 NaN
  ood         0.10         1 relational_pair_map      6    1.000000    24.000000           24.0                   1.000000                 0.000000         0.988868            1.000000
  ood         0.10         1 relational_task_map      6    1.000000    24.000000           24.0                   1.000000                 0.000000         0.989352            1.000000
  ood         0.10         1          static_map      6    1.000000   174.333333          179.5                   7.263889                 0.860082         0.076609            0.062500
  ood         0.10         2     oracle_previous      6    1.000000    12.000000           12.0                   1.000000                 0.000000         1.000000            1.000000
  ood         0.10         2     pooled_goal_map      6    1.000000    89.166667           91.0                   7.430556                 0.862996         0.084327            0.062500
  ood         0.10         2        raw_previous      6    1.000000    17.333333           17.0                   1.444444                 0.292460              NaN                 NaN
  ood         0.10         2 relational_pair_map      6    1.000000    12.000000           12.0                   1.000000                 0.000000         0.988868            1.000000
  ood         0.10         2 relational_task_map      6    1.000000    12.000000           12.0                   1.000000                 0.000000         0.989352            1.000000
  ood         0.10         2          static_map      6    1.000000    87.500000           90.0                   7.291667                 0.860670         0.076609            0.062500
  ood         0.10         4     oracle_previous      6    1.000000     6.000000            6.0                   1.000000                 0.000000         1.000000            1.000000
  ood         0.10         4     pooled_goal_map      6    1.000000    44.666667           45.5                   7.444444                 0.863435         0.084327            0.062500
  ood         0.10         4        raw_previous      6    1.000000     8.833333            8.5                   1.472222                 0.305123              NaN                 NaN
  ood         0.10         4 relational_pair_map      6    1.000000     6.000000            6.0                   1.000000                 0.000000         0.988868            1.000000
  ood         0.10         4 relational_task_map      6    1.000000     6.000000            6.0                   1.000000                 0.000000         0.989352            1.000000
  ood         0.10         4          static_map      6    1.000000    44.000000           45.0                   7.333333                 0.861611         0.076609            0.062500
  ood         0.10         8     oracle_previous      6    1.000000     3.000000            3.0                   1.000000                 0.000000         1.000000            1.000000
  ood         0.10         8     pooled_goal_map      6    1.000000    22.500000           23.0                   7.500000                 0.864401         0.084327            0.062500
  ood         0.10         8        raw_previous      6    1.000000     4.666667            4.5                   1.555556                 0.341667              NaN                 NaN
  ood         0.10         8 relational_pair_map      6    1.000000     3.000000            3.0                   1.000000                 0.000000         0.988868            1.000000
  ood         0.10         8 relational_task_map      6    1.000000     3.000000            3.0                   1.000000                 0.000000         0.989352            1.000000
  ood         0.10         8          static_map      6    1.000000    22.333333           23.0                   7.444444                 0.863549         0.076609            0.062500
  ood         0.10        16     oracle_previous      6    1.000000     2.000000            2.0                   1.000000                 0.000000         1.000000            1.000000
  ood         0.10        16     pooled_goal_map      6    1.000000    11.833333           12.0                   5.916667                 0.865113         0.084327            0.062500
  ood         0.10        16        raw_previous      6    1.000000     2.500000            2.5                   1.250000                 0.375000              NaN                 NaN
  ood         0.10        16 relational_pair_map      6    1.000000     2.000000            2.0                   1.000000                 0.000000         0.988868            1.000000
  ood         0.10        16 relational_task_map      6    1.000000     2.000000            2.0                   1.000000                 0.000000         0.989352            1.000000
  ood         0.10        16          static_map      6    1.000000    11.833333           12.0                   5.916667                 0.865371         0.076609            0.062500
  ood         0.20         1     oracle_previous      6    1.000000    24.000000           24.0                   1.000000                 0.000000         1.000000            1.000000
  ood         0.20         1     pooled_goal_map      6    0.666667   190.333333          195.0                   7.930556                 0.875175         0.075602            0.052083
  ood         0.20         1        raw_previous      6    1.000000    40.333333           37.5                   1.680556                 0.397197              NaN                 NaN
  ood         0.20         1 relational_pair_map      6    1.000000    24.000000           24.0                   1.000000                 0.000000         0.926469            0.966435
  ood         0.20         1 relational_task_map      6    1.000000    24.000000           24.0                   1.000000                 0.000000         0.953775            0.980324
  ood         0.20         1          static_map      6    0.833333   183.333333          185.0                   7.638889                 0.868991         0.074715            0.054398
  ood         0.20         2     oracle_previous      6    1.000000    12.000000           12.0                   1.000000                 0.000000         1.000000            1.000000
  ood         0.20         2     pooled_goal_map      6    1.000000    96.333333           97.5                   8.027778                 0.874931         0.075602            0.052083
  ood         0.20         2        raw_previous      6    1.000000    20.500000           19.0                   1.708333                 0.406433              NaN                 NaN
  ood         0.20         2 relational_pair_map      6    1.000000    12.000000           12.0                   1.000000                 0.000000         0.926469            0.966435
  ood         0.20         2 relational_task_map      6    1.000000    12.000000           12.0                   1.000000                 0.000000         0.953775            0.980324
  ood         0.20         2          static_map      6    1.000000    92.500000           93.0                   7.708333                 0.869267         0.074715            0.054398
  ood         0.20         4     oracle_previous      6    1.000000     6.000000            6.0                   1.000000                 0.000000         1.000000            1.000000
  ood         0.20         4     pooled_goal_map      6    1.000000    48.500000           49.0                   8.083333                 0.875756         0.075602            0.052083
  ood         0.20         4        raw_previous      6    1.000000    10.500000           10.0                   1.750000                 0.422222              NaN                 NaN
  ood         0.20         4 relational_pair_map      6    1.000000     6.000000            6.0                   1.000000                 0.000000         0.926469            0.966435
  ood         0.20         4 relational_task_map      6    1.000000     6.000000            6.0                   1.000000                 0.000000         0.953775            0.980324
  ood         0.20         4          static_map      6    1.000000    46.666667           47.0                   7.777778                 0.870489         0.074715            0.054398
  ood         0.20         8     oracle_previous      6    1.000000     3.000000            3.0                   1.000000                 0.000000         1.000000            1.000000
  ood         0.20         8     pooled_goal_map      6    1.000000    24.333333           24.5                   8.111111                 0.876239         0.075602            0.052083
  ood         0.20         8        raw_previous      6    1.000000     5.333333            5.0                   1.777778                 0.433333              NaN                 NaN
  ood         0.20         8 relational_pair_map      6    1.000000     3.000000            3.0                   1.000000                 0.000000         0.926469            0.966435
  ood         0.20         8 relational_task_map      6    1.000000     3.000000            3.0                   1.000000                 0.000000         0.953775            0.980324
  ood         0.20         8          static_map      6    1.000000    23.500000           24.0                   7.833333                 0.871375         0.074715            0.054398
  ood         0.20        16     oracle_previous      6    1.000000     2.000000            2.0                   1.000000                 0.000000         1.000000            1.000000
  ood         0.20        16     pooled_goal_map      6    1.000000    13.000000           13.0                   6.500000                 0.879485         0.075602            0.052083
  ood         0.20        16        raw_previous      6    1.000000     3.000000            3.0                   1.500000                 0.500000              NaN                 NaN
  ood         0.20        16 relational_pair_map      6    1.000000     2.000000            2.0                   1.000000                 0.000000         0.926469            0.966435
  ood         0.20        16 relational_task_map      6    1.000000     2.000000            2.0                   1.000000                 0.000000         0.953775            0.980324
  ood         0.20        16          static_map      6    1.000000    12.666667           13.0                   6.333333                 0.875933         0.074715            0.054398
  ood         0.35         1     oracle_previous      6    1.000000    24.000000           24.0                   1.000000                 0.000000         1.000000            1.000000
  ood         0.35         1     pooled_goal_map      6    0.833333   180.000000          195.5                   7.500000                 0.864380         0.066487            0.055556
  ood         0.35         1        raw_previous      6    1.000000    40.000000           40.5                   1.666667                 0.387399              NaN                 NaN
  ood         0.35         1 relational_pair_map      6    0.833333   150.833333          143.5                   6.284722                 0.836514         0.559302            0.537037
  ood         0.35         1 relational_task_map      6    1.000000   146.666667          144.0                   6.111111                 0.832725         0.603253            0.590278
  ood         0.35         1          static_map      6    1.000000   163.333333          173.0                   6.805556                 0.847525         0.056464            0.039352
  ood         0.35         2     oracle_previous      6    1.000000    12.000000           12.0                   1.000000                 0.000000         1.000000            1.000000
  ood         0.35         2     pooled_goal_map      6    1.000000    90.500000           98.0                   7.541667                 0.864202         0.066487            0.055556
  ood         0.35         2        raw_previous      6    1.000000    20.333333           20.5                   1.694444                 0.397742              NaN                 NaN
  ood         0.35         2 relational_pair_map      6    1.000000    75.833333           72.0                   6.319444                 0.836463         0.559302            0.537037
  ood         0.35         2 relational_task_map      6    1.000000    73.500000           72.0                   6.125000                 0.832988         0.603253            0.590278
  ood         0.35         2          static_map      6    1.000000    82.000000           87.0                   6.833333                 0.848082         0.056464            0.039352
  ood         0.35         4     oracle_previous      6    1.000000     6.000000            6.0                   1.000000                 0.000000         1.000000            1.000000
  ood         0.35         4     pooled_goal_map      6    1.000000    45.666667           49.5                   7.611111                 0.865572         0.066487            0.055556
  ood         0.35         4        raw_previous      6    1.000000    10.333333           10.5                   1.722222                 0.405148              NaN                 NaN
  ood         0.35         4 relational_pair_map      6    1.000000    38.166667           36.0                   6.361111                 0.837483         0.559302            0.537037
  ood         0.35         4 relational_task_map      6    1.000000    37.166667           36.5                   6.194444                 0.835075         0.603253            0.590278
  ood         0.35         4          static_map      6    1.000000    41.500000           44.0                   6.916667                 0.850065         0.056464            0.039352
  ood         0.35         8     oracle_previous      6    1.000000     3.000000            3.0                   1.000000                 0.000000         1.000000            1.000000
  ood         0.35         8     pooled_goal_map      6    1.000000    23.000000           25.0                   7.666667                 0.866357         0.066487            0.055556
  ood         0.35         8        raw_previous      6    1.000000     5.500000            5.5                   1.833333                 0.436905              NaN                 NaN
  ood         0.35         8 relational_pair_map      6    1.000000    19.333333           18.5                   6.444444                 0.839365         0.559302            0.537037
  ood         0.35         8 relational_task_map      6    1.000000    18.666667           18.5                   6.222222                 0.835869         0.603253            0.590278
  ood         0.35         8          static_map      6    1.000000    20.833333           22.0                   6.944444                 0.850776         0.056464            0.039352
  ood         0.35        16     oracle_previous      6    1.000000     2.000000            2.0                   1.000000                 0.000000         1.000000            1.000000
  ood         0.35        16     pooled_goal_map      6    1.000000    12.166667           13.0                   6.083333                 0.868260         0.066487            0.055556
  ood         0.35        16        raw_previous      6    1.000000     3.000000            3.0                   1.500000                 0.479167              NaN                 NaN
  ood         0.35        16 relational_pair_map      6    1.000000    10.500000           10.0                   5.250000                 0.844366         0.559302            0.537037
  ood         0.35        16 relational_task_map      6    1.000000    10.166667           10.0                   5.083333                 0.841145         0.603253            0.590278
  ood         0.35        16          static_map      6    1.000000    11.166667           12.0                   5.583333                 0.855133         0.056464            0.039352
0:20.58 877784KB
